INDEX.

1.

9 praep. 9999191, ab 9ο latero
&utiliter 99, 99.

99999919 99, 7.

accipere tensionem 19, 19. lo·

9991 99,9. 9991919997, 91.
simmacum 9199191999
00 9919991919 91,19. 91
meumes 99191999 91,19.

9911911999, 19. cf. 99, 19.
91, 9. 911 1919119919 99, 19
9119991119 circinum 99, 90.
diem 9911191991 metationis
9911111926, 9911, 9.
99919111, 19.
9919919-19191 latitudinem
1911199, 99, -19919 quinta
11,19.11.
911οᾶ91 exereitum 91, 14.
admonere 979.
magam penitam 99, 11.
99, 97. 99,1. 19991999,9.
anni. 91, ’1. 94, 11 ef. 9ο,
9111911199 -1999 cuba. 97,1.

9911999919.
9991119119 94, 7. -1991 9991.
castrorum 99, 9.
99991999. 99,19 -9199,
919 -99 equitnm 99, 19.
-191119119 24, 19. a. m. de·
9919999194, 91. ubi 1991199
91, 1. 1. 199 poma 1ο,
90. quot alae 9111191199 119
castrig 91919910 —qnin-
3999111994, 18. 99 1191911-
999 91, 9. 91, 1. 10. quot
99919 9991119 9919 99,
919111 -99 equites 90,19.
-es 919191 31, 18.
91919 equum 24, 24. 99, 4
911999191919991.
1991999991191, 19.
aliquo 199199 99, 7.
alternus -91199 99, 9.
ampliare quaestorium 99,19.
amplius sere 919 praeterea 99,
9.-911199199999199911191.
anguium-i 9999191111, 14.
cohortium 99, 19.
angustia 19 -19 99, 19.

. appellare locum 91, 11. 24, 11.

 

